&FCI
NORB=7,
NELEC=10,
MS2=0,
UHF=.FALSE.,
ORBSYM=1,1,1,1,1,1,1,
ISYM=1,
&END
  4.74665350280316467035E+00   1   1   1   1
  4.28278827732690214880E-01   1   1   2   1
  1.01919341287361842063E+00   1   1   2   2
  7.63044417481832826233E-01   1   1   3   3
  1.66245974613796448915E-01   1   1   4   1
  1.46559646512801095009E-01   1   1   4   2
  9.39046898505270677404E-01   1   1   4   4
  1.11535632045932531220E+00   1   1   5   5
  1.99823240068517510304E-01   1   1   6   1
  2.68866213424675037924E-01   1   1   6   2
 -2.66958832649669686177E-01   1   1   6   4
  7.82006427347343491263E-01   1   1   6   6
  3.70066234184986297961E-01   1   1   7   3
  8.39696760414175735754E-01   1   1   7   7
  4.28278827732690381414E-01   2   1   1   1
  6.10856920107260906172E-02   2   1   2   1
  1.51418946866507149462E-02   2   1   2   2
  4.67143968401961644232E-03   2   1   3   3
  2.18153031830704939587E-02   2   1   4   1
  8.12601544459725690095E-03   2   1   4   2
  1.14005965103067437305E-02   2   1   4   4
  1.21135176653484871040E-02   2   1   5   5
  3.03627123910246397853E-02   2   1   6   1
  6.13692304254398295071E-03   2   1   6   2
 -3.47477023741583511060E-03   2   1   6   4
  7.41454798312607063493E-03   2   1   6   6
  7.01584856718155767258E-03   2   1   7   3
  8.92053103803929804683E-03   2   1   7   7
  1.01919341287361842063E+00   2   2   1   1
  1.51418946866506056587E-02   2   2   2   1
  7.23719157829620485245E-01   2   2   2   2
  6.16267672366672569773E-01   2   2   3   3
  1.26143066690156662596E-02   2   2   4   1
  2.25031685781370248411E-02   2   2   4   2
  6.62033752639958894548E-01   2   2   4   4
  7.53998472163028399251E-01   2   2   5   5
  2.01289886096703502308E-03   2   2   6   1
  1.31932249012740726579E-01   2   2   6   2
 -1.25002523424302180999E-01   2   2   6   4
  5.94136763724059768776E-01   2   2   6   6
  1.62721899540347270108E-01   2   2   7   3
  6.08996173581730637636E-01   2   2   7   7
  1.05939505891528180925E-02   3   1   3   1
 -1.68130800878697750367E-02   3   1   3   2
 -2.56356365266684465415E-03   3   1   4   3
 -2.62389292648758246443E-03   3   1   6   3
  1.43695889227494211227E-02   3   1   7   1
 -1.47362772602214024686E-02   3   1   7   2
 -8.29470687328024564033E-03   3   1   7   4
 -7.66108339108210849300E-03   3   1   7   6
 -1.68130800878697750367E-02   3   2   3   1
  1.31225847677832602178E-01   3   2   3   2
 -2.76360775504142751335E-02   3   2   4   3
 -3.75444542671270822809E-02   3   2   6   3
 -2.17194714715512465775E-02   3   2   7   1
  5.36953169355739931556E-02   3   2   7   2
  7.28480871909156085797E-02   3   2   7   4
  8.67136547350417785651E-02   3   2   7   6
  7.63044417481833048278E-01   3   3   1   1
  4.67143968401968409654E-03   3   3   2   1
  6.16267672366672347728E-01   3   3   2   2
  5.94988670369435701524E-01   3   3   3   3
  5.58455263417461864051E-03   3   3   4   1
 -4.35293263328562912706E-03   3   3   4   2
  5.67230877394573784755E-01   3   3   4   4
  6.02604138434884362141E-01   3   3   5   5
 -5.77798911382218310061E-04   3   3   6   1
  6.63960784123094616138E-02   3   3   6   2
 -4.81887170570177991724E-02   3   3   6   4
  5.49809031825555183381E-01   3   3   6   6
  8.86112502440549870686E-02   3   3   7   3
  5.83337071953577646077E-01   3   3   7   7
  1.66245974613796559938E-01   4   1   1   1
  2.18153031830704974281E-02   4   1   2   1
  1.26143066690157061582E-02   4   1   2   2
  5.58455263417459175229E-03   4   1   3   3
  2.44195881363425716659E-02   4   1   4   1
 -1.84892430557226615517E-02   4   1   4   2
 -8.92535228382963612137E-03   4   1   4   4
  4.67333589433713194466E-03   4   1   5   5
 -2.73034918474478931552E-03   4   1   6   1
  1.84186246720644195007E-02   4   1   6   2
 -1.20418771455092971957E-03   4   1   6   4
  1.80083945779137971632E-02   4   1   6   6
 -2.85210495900009846238E-04   4   1   7   3
  3.74020812053719748508E-03   4   1   7   7
  1.46559646512801039497E-01   4   2   1   1
  8.12601544459723261482E-03   4   2   2   1
  2.25031685781369519828E-02   4   2   2   2
 -4.35293263328558836106E-03   4   2   3   3
 -1.84892430557226615517E-02   4   2   4   1
  1.29672907363268391512E-01   4   2   4   2
  9.49953490983335702147E-02   4   2   4   4
  7.93858416834561653186E-02   4   2   5   5
  2.07682863886568987166E-02   4   2   6   1
 -3.14300371018779861609E-02   4   2   6   2
 -4.77327373322822268165E-02   4   2   6   4
 -4.85372248927141772268E-02   4   2   6   6
  7.75958839254007465280E-02   4   2   7   3
  1.83287068878186902576E-02   4   2   7   7
 -2.56356365266684205206E-03   4   3   3   1
 -2.76360775504142647252E-02   4   3   3   2
  5.51247735048124437585E-02   4   3   4   3
  3.75739342143291826792E-02   4   3   6   3
 -3.54316309087161253333E-03   4   3   7   1
  3.06019306160086948521E-02   4   3   7   2
 -1.26569716635385517284E-02   4   3   7   4
 -6.15254773877257146730E-02   4   3   7   6
  9.39046898505270677404E-01   4   4   1   1
  1.14005965103067801597E-02   4   4   2   1
  6.62033752639959227615E-01   4   4   2   2
  5.67230877394573784755E-01   4   4   3   3
 -8.92535228382962571303E-03   4   4   4   1
  9.49953490983335702147E-02   4   4   4   2
  7.07770348996803910779E-01   4   4   4   4
  6.93407151188887183046E-01   4   4   5   5
  1.59229333738611956994E-02   4   4   6   1
  6.47346495894529500026E-02   4   4   6   2
 -1.31944113145120001107E-01   4   4   6   4
  5.43817853094100245315E-01   4   4   6   6
  1.43881024992313505395E-01   4   4   7   3
  5.80373377710754811964E-01   4   4   7   7
  2.59689149194756996319E-02   5   1   5   1
 -3.31825551396657883463E-02   5   1   5   2
 -1.20019249113640941867E-02   5   1   5   4
 -1.32561382777035899339E-02   5   1   6   5
 -3.31825551396657814074E-02   5   2   5   1
  1.50058751118949118553E-01   5   2   5   2
  4.42409723834917070762E-02   5   2   5   4
  5.17659522635477362118E-02   5   2   6   5
  2.64663589274265441398E-02   5   3   5   3
  2.38876366361490677370E-02   5   3   7   5
 -1.20019249113640907173E-02   5   4   5   1
  4.42409723834917070762E-02   5   4   5   2
  4.88391381847589900467E-02   5   4   5   4
 -5.11454771115946432020E-03   5   4   6   5
  1.11535632045932531220E+00   5   5   1   1
  1.21135176653484871040E-02   5   5   2   1
  7.53998472163028399251E-01   5   5   2   2
  6.02604138434884362141E-01   5   5   3   3
  4.67333589433713194466E-03   5   5   4   1
  7.93858416834561653186E-02   5   5   4   2
  6.93407151188887183046E-01   5   5   4   4
  8.80159093375046719387E-01   5   5   5   5
  5.41089351144146551986E-03   5   5   6   1
  1.42244055697907129110E-01   5   5   6   2
 -1.47593738209429198305E-01   5   5   6   4
  5.77949934765199402342E-01   5   5   6   6
  2.01958258160787190727E-01   5   5   7   3
  6.09736996855911872473E-01   5   5   7   7
  1.99823240068517676837E-01   6   1   1   1
  3.03627123910246432548E-02   6   1   2   1
  2.01289886096709487104E-03   6   1   2   2
 -5.77798911382255715036E-04   6   1   3   3
 -2.73034918474478801448E-03   6   1   4   1
  2.07682863886569125944E-02   6   1   4   2
  1.59229333738611783522E-02   6   1   4   4
  5.41089351144146551986E-03   6   1   5   5
  2.61966628465198081432E-02   6   1   6   1
 -9.82593182881650629990E-03   6   1   6   2
 -1.77094159142698512853E-03   6   1   6   4
 -8.78666223175061239514E-03   6   1   6   6
  5.76994930894284257378E-03   6   1   7   3
  3.74725498218154116914E-03   6   1   7   7
  2.68866213424674926902E-01   6   2   1   1
  6.13692304254394912361E-03   6   2   2   1
  1.31932249012740726579E-01   6   2   2   2
  6.63960784123096420251E-02   6   2   3   3
  1.84186246720644056230E-02   6   2   4   1
 -3.14300371018780000387E-02   6   2   4   2
  6.47346495894528251025E-02   6   2   4   4
  1.42244055697907129110E-01   6   2   5   5
 -9.82593182881651844296E-03   6   2   6   1
  9.51527282120007561472E-02   6   2   6   2
 -6.02520090175034869762E-02   6   2   6   4
  9.21052970194789766278E-02   6   2   6   6
  6.88817150728297661333E-02   6   2   7   3
  6.15699462946889958248E-02   6   2   7   7
 -2.62389292648757856130E-03   6   3   3   1
 -3.75444542671270961587E-02   6   3   3   2
  3.75739342143291826792E-02   6   3   4   3
  7.49902275758092123903E-02   6   3   6   3
 -3.03856184163173864698E-03   6   3   7   1
  3.02565007912985010907E-02   6   3   7   2
 -5.41371018000758250088E-02   6   3   7   4
 -6.65810358888042769232E-02   6   3   7   6
 -2.66958832649669797199E-01   6   4   1   1
 -3.47477023741583814637E-03   6   4   2   1
 -1.25002523424302236510E-01   6   4   2   2
 -4.81887170570178269280E-02   6   4   3   3
 -1.20418771455092863537E-03   6   4   4   1
 -4.77327373322822476331E-02   6   4   4   2
 -1.31944113145120028863E-01   6   4   4   4
 -1.47593738209429198305E-01   6   4   5   5
 -1.77094159142698274328E-03   6   4   6   1
 -6.02520090175035633040E-02   6   4   6   2
  9.55699466481507442506E-02   6   4   6   4
 -5.24258727724203968390E-02   6   4   6   6
 -9.98933326331778587148E-02   6   4   7   3
 -5.08165431763179589741E-02   6   4   7   7
 -1.32561382777035795255E-02   6   5   5   1
  5.17659522635477362118E-02   6   5   5   2
 -5.11454771115946778964E-03   6   5   5   4
  3.46031274912253841713E-02   6   5   6   5
  7.82006427347343380241E-01   6   6   1   1
  7.41454798312607323701E-03   6   6   2   1
  5.94136763724059879799E-01   6   6   2   2
  5.49809031825555072359E-01   6   6   3   3
  1.80083945779138041021E-02   6   6   4   1
 -4.85372248927141841657E-02   6   6   4   2
  5.43817853094100356337E-01   6   6   4   4
  5.77949934765199402342E-01   6   6   5   5
 -8.78666223175060372153E-03   6   6   6   1
  9.21052970194789211167E-02   6   6   6   2
 -5.24258727724204176557E-02   6   6   6   4
  5.81816835348058059019E-01   6   6   6   6
  4.40387460540241429396E-02   6   6   7   3
  5.50135897151274089190E-01   6   6   7   7
  1.43695889227494176532E-02   7   1   3   1
 -2.17194714715512431080E-02   7   1   3   2
 -3.54316309087161383437E-03   7   1   4   3
 -3.03856184163173821330E-03   7   1   6   3
  1.95217970312572264291E-02   7   1   7   1
 -1.91033281391812873040E-02   7   1   7   2
 -1.12477011653564478583E-02   7   1   7   4
 -1.01359344414111655214E-02   7   1   7   6
 -1.47362772602214007339E-02   7   2   3   1
  5.36953169355740000945E-02   7   2   3   2
  3.06019306160086913826E-02   7   2   4   3
  3.02565007912984802740E-02   7   2   6   3
 -1.91033281391812907735E-02   7   2   7   1
  6.78164589725686745014E-02   7   2   7   2
  1.71885925961392654893E-02   7   2   7   4
 -4.54703441669919005558E-03   7   2   7   6
  3.70066234184986520006E-01   7   3   1   1
  7.01584856718156114203E-03   7   3   2   1
  1.62721899540347214597E-01   7   3   2   2
  8.86112502440550009464E-02   7   3   3   3
 -2.85210495900016622502E-04   7   3   4   1
  7.75958839254007604058E-02   7   3   4   2
  1.43881024992313616417E-01   7   3   4   4
  2.01958258160787190727E-01   7   3   5   5
  5.76994930894283736961E-03   7   3   6   1
  6.88817150728297800111E-02   7   3   6   2
 -9.98933326331778448370E-02   7   3   6   4
  4.40387460540241706952E-02   7   3   6   6
  1.59448901907191853411E-01   7   3   7   3
  9.56471267505178274204E-02   7   3   7   7
 -8.29470687328024217089E-03   7   4   3   1
  7.28480871909156085797E-02   7   4   3   2
 -1.26569716635385569325E-02   7   4   4   3
 -5.41371018000758597033E-02   7   4   6   3
 -1.12477011653564495930E-02   7   4   7   1
  1.71885925961392481420E-02   7   4   7   2
  7.09526841384057610496E-02   7   4   7   4
  6.03765605862255014258E-02   7   4   7   6
  2.38876366361490677370E-02   7   5   5   3
  2.50413721736782134142E-02   7   5   7   5
 -7.66108339108210242147E-03   7   6   3   1
  8.67136547350417924429E-02   7   6   3   2
 -6.15254773877257216119E-02   7   6   4   3
 -6.65810358888042908010E-02   7   6   6   3
 -1.01359344414111637867E-02   7   6   7   1
 -4.54703441669920133128E-03   7   6   7   2
  6.03765605862254667313E-02   7   6   7   4
  1.12645814419274611917E-01   7   6   7   6
  8.39696760414176179843E-01   7   7   1   1
  8.92053103803931192461E-03   7   7   2   1
  6.08996173581730415592E-01   7   7   2   2
  5.83337071953577535055E-01   7   7   3   3
  3.74020812053721136287E-03   7   7   4   1
  1.83287068878186520937E-02   7   7   4   2
  5.80373377710754922987E-01   7   7   4   4
  6.09736996855911872473E-01   7   7   5   5
  3.74725498218154290386E-03   7   7   6   1
  6.15699462946889194970E-02   7   7   6   2
 -5.08165431763181879576E-02   7   7   6   4
  5.50135897151274089190E-01   7   7   6   6
  9.56471267505178551760E-02   7   7   7   3
  5.96967070930706666942E-01   7   7   7   7
 -3.25607590836978744164E+01   1   1   0   0
 -5.68276708421176723895E-01   2   1   0   0
 -7.56435992758811703851E+00   2   2   0   0
 -6.01783656551114898292E+00   3   3   0   0
 -2.09504485840170007194E-01   4   1   0   0
 -5.22263430779746129495E-01   4   2   0   0
 -6.60967849281256825122E+00   4   4   0   0
 -7.34714481208782022037E+00   5   5   0   0
 -2.56308389616597132044E-01   6   1   0   0
 -1.21956277020330206007E+00   6   2   0   0
  1.30573073606278722281E+00   6   4   0   0
 -5.29130866939954813688E+00   6   6   0   0
 -1.76657051317799940193E+00   7   3   0   0
 -5.51336034014189557695E+00   7   7   0   0
  8.00236648217342150247E+00   0   0   0   0
